tree 
<Matrix 4x4 (-0.9055, -0.4243,  0.0117, -294.2370)
            ( 0.4238, -0.9052, -0.0323,  874.5655)
            ( 0.0243, -0.0243,  0.9994,  268.9634)
            ( 0.0000,  0.0000,  0.0000,    1.0000)> 
tree 
<Matrix 4x4 (-0.9986, -0.0537,  0.0028, 141.4226)
            ( 0.0537, -0.9986, -0.0031, 876.3705)
            ( 0.0030, -0.0030,  1.0000, 208.6695)
            ( 0.0000,  0.0000,  0.0000,   1.0000)> 
tree3 
<Matrix 4x4 (0.0567, -0.9938, -0.0952, 134.7709)
            (0.9943,  0.0648, -0.0846, 766.3684)
            (0.0903, -0.0899,  0.9919, 210.9308)
            (0.0000,  0.0000,  0.0000,   1.0000)> 
tree2 
<Matrix 4x4 (0.7072, -0.6826, -0.1844, -138.0921)
            (0.6948,  0.7192,  0.0024,  774.4575)
            (0.1309, -0.1298,  0.9829,  242.4435)
            (0.0000,  0.0000,  0.0000,    1.0000)> 
tree2 
<Matrix 4x4 (0.7524, -0.6310, -0.1890, -437.3365)
            (0.6448,  0.7642,  0.0154,  724.4656)
            (0.1347, -0.1335,  0.9819,  298.0496)
            (0.0000,  0.0000,  0.0000,    1.0000)> 
tree3 
<Matrix 4x4 (0.0510, -0.9942, -0.0944, 151.0738)
            (0.9946,  0.0591, -0.0849, 639.9819)
            (0.0899, -0.0896,  0.9919, 205.3148)
            (0.0000,  0.0000,  0.0000,   1.0000)> 
tree 
<Matrix 4x4 (-0.9895,  0.1442, -0.0091, 442.3705)
            (-0.1443, -0.9895,  0.0068, 675.3599)
            (-0.0080,  0.0080,  0.9999, 133.1380)
            ( 0.0000,  0.0000,  0.0000,   1.0000)> 
tree3 
<Matrix 4x4 ( 0.5977, 0.8013, -0.0246, 381.7572)
            (-0.7923, 0.5857, -0.1713, 760.7155)
            (-0.1228, 0.1219,  0.9849, 161.2568)
            ( 0.0000, 0.0000,  0.0000,   1.0000)> 
tree3 
<Matrix 4x4 ( 0.9578, 0.2635,  0.1147, 486.9454)
            (-0.2386, 0.9516, -0.1937, 829.5386)
            (-0.1602, 0.1581,  0.9743, 123.8811)
            ( 0.0000, 0.0000,  0.0000,   1.0000)> 
tree 
<Matrix 4x4 (-0.2889,  0.9533, -0.0883, 140.3749)
            (-0.9547, -0.2937, -0.0471, 792.9761)
            (-0.0709,  0.0707,  0.9950, 209.5938)
            ( 0.0000,  0.0000,  0.0000,   1.0000)> 
tree 
<Matrix 4x4 (-0.0010,  0.9962, -0.0872, -414.0479)
            (-0.9962, -0.0086, -0.0866,  727.5103)
            (-0.0871,  0.0867,  0.9924,  296.9826)
            ( 0.0000,  0.0000,  0.0000,    1.0000)> 
tree 
<Matrix 4x4 (-0.9945, -0.1049,  0.0052, -464.2583)
            ( 0.1049, -0.9945, -0.0064,  596.0898)
            ( 0.0058, -0.0058,  1.0000,  298.4893)
            ( 0.0000,  0.0000,  0.0000,    1.0000)> 
tree 
<Matrix 4x4 (-0.9957,  0.0929, -0.0056, -17.0867)
            (-0.0929, -0.9957,  0.0047, 997.8660)
            (-0.0052,  0.0052,  1.0000, 218.6263)
            ( 0.0000,  0.0000,  0.0000,   1.0000)> 
tree 
<Matrix 4x4 ( 0.8809, 0.4691,  0.0630, -170.3953)
            (-0.4496, 0.8710, -0.1980,  613.0609)
            (-0.1477, 0.1461,  0.9782,  253.0802)
            ( 0.0000, 0.0000,  0.0000,    1.0000)> 
tree3 
<Matrix 4x4 ( 0.4664, 0.8833, -0.0475, -116.8187)
            (-0.8772, 0.4549, -0.1537,  836.6511)
            (-0.1141, 0.1134,  0.9870,  237.5662)
            ( 0.0000, 0.0000,  0.0000,    1.0000)> 
tree 
<Matrix 4x4 (0.5501, -0.8186, -0.1653, 104.2035)
            (0.8265,  0.5620, -0.0326, 682.3510)
            (0.1195, -0.1187,  0.9857, 215.6059)
            (0.0000,  0.0000,  0.0000,   1.0000)> 
tree3 
<Matrix 4x4 (-0.4484, -0.8934, -0.0273, -40.1884)
            ( 0.8917, -0.4451, -0.0822, 941.9703)
            ( 0.0613, -0.0612,  0.9962, 220.1885)
            ( 0.0000,  0.0000,  0.0000,   1.0000)> 
tree2 
<Matrix 4x4 (0.2903, -0.9482, -0.1290, -95.8490)
            (0.9513,  0.3006, -0.0682, 812.8140)
            (0.1035, -0.1029,  0.9893, 230.7840)
            (0.0000,  0.0000,  0.0000,   1.0000)> 
tree2 
<Matrix 4x4 (-0.0208,  0.9959, -0.0877, 153.4162)
            (-0.9961, -0.0282, -0.0838, 885.0729)
            (-0.0860,  0.0856,  0.9926, 205.5779)
            ( 0.0000,  0.0000,  0.0000,   1.0000)> 
tree2 
<Matrix 4x4 (-0.7344, -0.6788,  0.0023,  16.5312)
            ( 0.6775, -0.7332, -0.0584, 832.0198)
            ( 0.0414, -0.0413,  0.9983, 218.6640)
            ( 0.0000,  0.0000,  0.0000,   1.0000)> 
tree2 
<Matrix 4x4 (0.9790, -0.0893, -0.1834, 207.3426)
            (0.1170,  0.9823,  0.1463, 774.1774)
            (0.1671, -0.1647,  0.9721, 189.0956)
            (0.0000,  0.0000,  0.0000,   1.0000)> 
tree3 
<Matrix 4x4 (0.3205, -0.9378, -0.1334, -390.9127)
            (0.9414,  0.3310, -0.0652,  840.5181)
            (0.1052, -0.1047,  0.9889,  286.4184)
            (0.0000,  0.0000,  0.0000,    1.0000)> 
tree3 
<Matrix 4x4 (0.9573, -0.2160, -0.1923, -34.3867)
            (0.2409,  0.9635,  0.1167, 788.4286)
            (0.1601, -0.1580,  0.9744, 219.9284)
            (0.0000,  0.0000,  0.0000,   1.0000)> 
tree3 
<Matrix 4x4 (-0.9120,  0.4090, -0.0310, 267.4290)
            (-0.4095, -0.9122,  0.0118, 802.2631)
            (-0.0234,  0.0234,  0.9995, 179.4665)
            ( 0.0000,  0.0000,  0.0000,   1.0000)> 
tree2 
<Matrix 4x4 (-0.9800, -0.1990,  0.0087, -687.5584)
            ( 0.1988, -0.9799, -0.0131,  694.4968)
            ( 0.0111, -0.0111,  0.9999,  298.5901)
            ( 0.0000,  0.0000,  0.0000,    1.0000)> 
tree3 
<Matrix 4x4 (0.6022, -0.7796, -0.1720, -74.8466)
            (0.7888,  0.6142, -0.0224, 654.2715)
            (0.1231, -0.1222,  0.9848, 223.3756)
            (0.0000,  0.0000,  0.0000,   1.0000)> 
tree 
<Matrix 4x4 (0.9844, -0.0115, -0.1757, 220.0097)
            (0.0409,  0.9856,  0.1641, 767.3840)
            (0.1713, -0.1688,  0.9707, 185.8044)
            (0.0000,  0.0000,  0.0000,   1.0000)> 
tree 
<Matrix 4x4 (-0.6964,  0.7149, -0.0627, -178.7711)
            (-0.7163, -0.6978, -0.0009,  908.9183)
            (-0.0444,  0.0443,  0.9980,  254.8254)
            ( 0.0000,  0.0000,  0.0000,    1.0000)> 
tree 
<Matrix 4x4 (-0.0388, -0.9959, -0.0816, -511.6039)
            ( 0.9956, -0.0316, -0.0879,  607.6678)
            ( 0.0850, -0.0846,  0.9928,  298.5879)
            ( 0.0000,  0.0000,  0.0000,    1.0000)> 
tree 
<Matrix 4x4 (-0.7669,  0.6395, -0.0544, 397.1120)
            (-0.6406, -0.7679,  0.0049, 612.6357)
            (-0.0386,  0.0386,  0.9985, 139.9935)
            ( 0.0000,  0.0000,  0.0000,   1.0000)> 
tree2 
<Matrix 4x4 (0.2230, -0.9675, -0.1193, -187.6312)
            (0.9697,  0.2327, -0.0743,  531.8295)
            (0.0996, -0.0991,  0.9901,  255.9902)
            (0.0000,  0.0000,  0.0000,    1.0000)> 
tree2 
<Matrix 4x4 ( 0.5364, 0.8432, -0.0362,  -0.3839)
            (-0.8356, 0.5246, -0.1632, 722.0584)
            (-0.1186, 0.1178,  0.9859, 218.6691)
            ( 0.0000, 0.0000,  0.0000,   1.0000)> 
tree 
<Matrix 4x4 (-0.8963, -0.4433,  0.0115, -186.1127)
            ( 0.4427, -0.8960, -0.0341,  618.4062)
            ( 0.0255, -0.0255,  0.9994,  255.5125)
            ( 0.0000,  0.0000,  0.0000,    1.0000)> 
tree3 
<Matrix 4x4 ( 0.8250, 0.5639,  0.0385, -16.3582)
            (-0.5472, 0.8139, -0.1953, 500.7928)
            (-0.1415, 0.1400,  0.9800, 219.0264)
            ( 0.0000, 0.0000,  0.0000,   1.0000)> 
tree2 
<Matrix 4x4 (-0.4698, -0.8824, -0.0247, -517.3162)
            ( 0.8808, -0.4666, -0.0810,  684.1804)
            ( 0.0600, -0.0599,  0.9964,  298.5858)
            ( 0.0000,  0.0000,  0.0000,    1.0000)> 
tree3 
<Matrix 4x4 ( 0.0722, 0.9938, -0.0843, 421.3613)
            (-0.9932, 0.0639, -0.0971, 857.1788)
            (-0.0911, 0.0908,  0.9917, 149.3558)
            ( 0.0000, 0.0000,  0.0000,   1.0000)> 
tree3 
<Matrix 4x4 (-0.9737, -0.2275,  0.0095, 218.4856)
            ( 0.2274, -0.9737, -0.0153, 803.4807)
            ( 0.0127, -0.0127,  0.9998, 186.6034)
            ( 0.0000,  0.0000,  0.0000,   1.0000)> 
tree 
<Matrix 4x4 (-0.1014, -0.9922, -0.0728, -136.0221)
            ( 0.9915, -0.0948, -0.0891,  721.5430)
            ( 0.0815, -0.0812,  0.9934,  237.5585)
            ( 0.0000,  0.0000,  0.0000,    1.0000)> 
tree 
<Matrix 4x4 ( 0.4482, 0.8925, -0.0502,  90.9315)
            (-0.8868, 0.4368, -0.1511, 952.2747)
            (-0.1130, 0.1123,  0.9872, 218.0018)
            ( 0.0000, 0.0000,  0.0000,   1.0000)> 
tree2 
<Matrix 4x4 (-0.5197,  0.8508, -0.0780, 325.8513)
            (-0.8524, -0.5225, -0.0188, 780.2719)
            (-0.0568,  0.0567,  0.9968, 173.7832)
            ( 0.0000,  0.0000,  0.0000,   1.0000)> 
tree 
<Matrix 4x4 ( 0.7259, 0.6877,  0.0060, -88.1746)
            (-0.6749, 0.7140, -0.1864, 829.3362)
            (-0.1325, 0.1313,  0.9825, 228.8911)
            ( 0.0000, 0.0000,  0.0000,   1.0000)> 
tree 
<Matrix 4x4 (-0.7143,  0.6972, -0.0608, -77.1298)
            (-0.6985, -0.7156,  0.0007, 551.9130)
            (-0.0430,  0.0429,  0.9982, 225.3466)
            ( 0.0000,  0.0000,  0.0000,   1.0000)> 
tree 
<Matrix 4x4 (-0.9288, -0.3704,  0.0118, 248.9569)
            ( 0.3700, -0.9286, -0.0273, 736.4944)
            ( 0.0210, -0.0210,  0.9996, 180.6832)
            ( 0.0000,  0.0000,  0.0000,   1.0000)> 
tree2 
<Matrix 4x4 (0.9381, -0.2862, -0.1953, -43.9396)
            (0.3093,  0.9457,  0.1000, 559.1265)
            (0.1561, -0.1542,  0.9756, 220.3961)
            (0.0000,  0.0000,  0.0000,   1.0000)> 
tree2 
<Matrix 4x4 (-0.2525, -0.9662, -0.0522, -610.8859)
            ( 0.9649, -0.2473, -0.0888,  730.2702)
            ( 0.0729, -0.0727,  0.9947,  298.5900)
            ( 0.0000,  0.0000,  0.0000,    1.0000)> 
tree2 
<Matrix 4x4 (-0.8475,  0.5291, -0.0428, 610.4202)
            (-0.5299, -0.8480,  0.0099, 736.4651)
            (-0.0310,  0.0310,  0.9990,  98.4321)
            ( 0.0000,  0.0000,  0.0000,   1.0000)> 
tree2 
<Matrix 4x4 ( 0.4122, 0.9094, -0.0551, -475.5157)
            (-0.9043, 0.4011, -0.1461,  803.9759)
            (-0.1108, 0.1101,  0.9877,  298.0813)
            ( 0.0000, 0.0000,  0.0000,    1.0000)> 
tree2 
<Matrix 4x4 (0.7213, -0.6673, -0.1859, -97.6964)
            (0.6800,  0.7332,  0.0063, 559.0114)
            (0.1321, -0.1309,  0.9826, 230.9826)
            (0.0000,  0.0000,  0.0000,   1.0000)> 
tree3 
<Matrix 4x4 (-0.5892,  0.8047, -0.0729, 247.7521)
            (-0.8063, -0.5914, -0.0113, 750.9085)
            (-0.0522,  0.0521,  0.9973, 180.9562)
            ( 0.0000,  0.0000,  0.0000,   1.0000)> 
tree2 
<Matrix 4x4 (-0.0564, -0.9953, -0.0791, -295.5206)
            ( 0.9949, -0.0493, -0.0883,  732.0695)
            ( 0.0840, -0.0837,  0.9929,  268.4947)
            ( 0.0000,  0.0000,  0.0000,    1.0000)> 
tree3 
<Matrix 4x4 ( 0.6976, 0.7165, -0.0017, -550.4202)
            (-0.7046, 0.6855, -0.1833,  770.1284)
            (-0.1302, 0.1291,  0.9830,  298.5893)
            ( 0.0000, 0.0000,  0.0000,    1.0000)> 
tree2 
<Matrix 4x4 (0.9016, -0.3849, -0.1973, -205.8996)
            (0.4056,  0.9109,  0.0762,  664.9200)
            (0.1504, -0.1487,  0.9774,  256.6358)
            (0.0000,  0.0000,  0.0000,    1.0000)> 
tree 
<Matrix 4x4 (-0.7417, -0.6708,  0.0029, 241.1555)
            ( 0.6695, -0.7406, -0.0575, 753.3403)
            ( 0.0408, -0.0407,  0.9983, 181.7977)
            ( 0.0000,  0.0000,  0.0000,   1.0000)> 
tree3 
<Matrix 4x4 (0.8364, -0.5121, -0.1956,  57.4764)
            (0.5293,  0.8472,  0.0450, 571.4978)
            (0.1426, -0.1412,  0.9797, 218.3183)
            (0.0000,  0.0000,  0.0000,   1.0000)> 
tree 
<Matrix 4x4 (0.1155, -0.9879, -0.1037, -10.7173)
            (0.9889,  0.1242, -0.0816, 998.2164)
            (0.0935, -0.0931,  0.9912, 218.6124)
            (0.0000,  0.0000,  0.0000,   1.0000)> 
tree3 
<Matrix 4x4 (-0.9819,  0.1888, -0.0124, 281.2123)
            (-0.1889, -0.9820,  0.0084, 540.1691)
            (-0.0106,  0.0106,  0.9999, 166.2640)
            ( 0.0000,  0.0000,  0.0000,   1.0000)> 
tree3 
<Matrix 4x4 (-0.8747,  0.4831, -0.0381,  55.1963)
            (-0.4838, -0.8751,  0.0110, 738.7412)
            (-0.0281,  0.0280,  0.9992, 218.3676)
            ( 0.0000,  0.0000,  0.0000,   1.0000)> 
tree2 
<Matrix 4x4 (-0.3236,  0.9421, -0.0874, -334.9304)
            (-0.9437, -0.3281, -0.0426,  638.3984)
            (-0.0688,  0.0687,  0.9953,  278.5580)
            ( 0.0000,  0.0000,  0.0000,    1.0000)> 
tree2 
<Matrix 4x4 (-0.8965, -0.4429,  0.0116, -407.2885)
            ( 0.4423, -0.8962, -0.0341,  724.1249)
            ( 0.0254, -0.0254,  0.9994,  296.5450)
            ( 0.0000,  0.0000,  0.0000,    1.0000)> 
tree3 
<Matrix 4x4 (-0.5550, -0.8317, -0.0150, -654.2202)
            ( 0.8300, -0.5526, -0.0755,  707.0262)
            ( 0.0545, -0.0544,  0.9970,  298.5900)
            ( 0.0000,  0.0000,  0.0000,    1.0000)> 
tree 
<Matrix 4x4 (0.9457, -0.2606, -0.1944, 223.7782)
            (0.2843,  0.9528,  0.1061, 807.1422)
            (0.1576, -0.1556,  0.9752, 185.4639)
            (0.0000,  0.0000,  0.0000,   1.0000)> 
tree 
<Matrix 4x4 (-0.6594,  0.7489, -0.0665, -105.0596)
            (-0.7503, -0.6610, -0.0043,  367.4046)
            (-0.0472,  0.0471,  0.9978,  235.6885)
            ( 0.0000,  0.0000,  0.0000,    1.0000)> 
tree3 
<Matrix 4x4 (0.7840, -0.5904, -0.1918,  67.8645)
            (0.6054,  0.7955,  0.0256, 858.7908)
            (0.1375, -0.1362,  0.9811, 217.9735)
            (0.0000,  0.0000,  0.0000,   1.0000)> 
tree3 
<Matrix 4x4 (-0.9910, -0.1335,  0.0064,  48.7588)
            ( 0.1334, -0.9910, -0.0083, 695.9493)
            ( 0.0074, -0.0074,  0.9999, 218.4266)
            ( 0.0000,  0.0000,  0.0000,   1.0000)> 
tree2 
<Matrix 4x4 (-0.6800,  0.7304, -0.0645, 181.7438)
            (-0.7318, -0.6815, -0.0023, 688.7117)
            (-0.0456,  0.0456,  0.9979, 195.0135)
            ( 0.0000,  0.0000,  0.0000,   1.0000)> 
tree 
<Matrix 4x4 ( 0.8144, 0.5792,  0.0345, -289.0233)
            (-0.5630, 0.8032, -0.1945,  877.8679)
            (-0.1404, 0.1390,  0.9803,  268.5651)
            ( 0.0000, 0.0000,  0.0000,    1.0000)> 
tree 
<Matrix 4x4 ( 0.9421, 0.3200,  0.1007, -660.8445)
            (-0.2965, 0.9347, -0.1961,  710.5475)
            (-0.1569, 0.1549,  0.9754,  298.5900)
            ( 0.0000, 0.0000,  0.0000,    1.0000)> 
tree3 
<Matrix 4x4 (-0.1722, -0.9830, -0.0630, -219.7016)
            ( 0.9820, -0.1663, -0.0895,  553.3790)
            ( 0.0775, -0.0773,  0.9940,  258.3267)
            ( 0.0000,  0.0000,  0.0000,    1.0000)> 
tree 
<Matrix 4x4 (0.9837, -0.0287, -0.1776, -160.3591)
            (0.0577,  0.9854,  0.1602,  662.4095)
            (0.1704, -0.1679,  0.9710,  247.7651)
            (0.0000,  0.0000,  0.0000,    1.0000)> 
tree3 
<Matrix 4x4 (-0.8495,  0.5259, -0.0424, -177.9237)
            (-0.5267, -0.8500,  0.0100,  408.0492)
            (-0.0308,  0.0308,  0.9991,  256.0649)
            ( 0.0000,  0.0000,  0.0000,    1.0000)> 
tree2 
<Matrix 4x4 ( 0.6222, 0.7826, -0.0195, -111.1981)
            (-0.7728, 0.6102, -0.1744,  839.7024)
            (-0.1245, 0.1236,  0.9845,  235.7625)
            ( 0.0000, 0.0000,  0.0000,    1.0000)> 
tree2 
<Matrix 4x4 (0.7845, -0.5897, -0.1919, 394.2235)
            (0.6047,  0.7961,  0.0258, 905.8170)
            (0.1375, -0.1362,  0.9811, 167.9427)
            (0.0000,  0.0000,  0.0000,   1.0000)> 
tree2 
<Matrix 4x4 (0.8813, -0.4294, -0.1973, -131.5823)
            (0.4488,  0.8912,  0.0653,  777.4733)
            (0.1477, -0.1461,  0.9782,  240.6002)
            (0.0000,  0.0000,  0.0000,    1.0000)> 
tree 
<Matrix 4x4 (-0.7799, -0.6259,  0.0058, 340.4763)
            ( 0.6248, -0.7790, -0.0527, 761.2690)
            ( 0.0375, -0.0375,  0.9986, 171.9945)
            ( 0.0000,  0.0000,  0.0000,   1.0000)> 
tree3 
<Matrix 4x4 (-0.9899,  0.1414, -0.0089, -88.4697)
            (-0.1414, -0.9899,  0.0067, 815.2010)
            (-0.0079,  0.0079,  0.9999, 228.7993)
            ( 0.0000,  0.0000,  0.0000,   1.0000)> 
tree2 
<Matrix 4x4 (0.8209, -0.5369, -0.1946, -432.5125)
            (0.5534,  0.8320,  0.0389,  731.1387)
            (0.1410, -0.1396,  0.9801,  297.8599)
            (0.0000,  0.0000,  0.0000,    1.0000)> 
tree2 
<Matrix 4x4 (-0.8532,  0.5199, -0.0418, 335.5331)
            (-0.5207, -0.8537,  0.0101, 757.8672)
            (-0.0304,  0.0304,  0.9991, 172.9668)
            ( 0.0000,  0.0000,  0.0000,   1.0000)> 
tree 
<Matrix 4x4 (-0.3270, -0.9441, -0.0424, -467.1248)
            ( 0.9425, -0.3225, -0.0872,  712.4888)
            ( 0.0686, -0.0685,  0.9953,  298.4803)
            ( 0.0000,  0.0000,  0.0000,    1.0000)> 
tree3 
<Matrix 4x4 (-0.5224, -0.8525, -0.0187, -14.2247)
            ( 0.8508, -0.5197, -0.0778, 766.1328)
            ( 0.0566, -0.0565,  0.9968, 218.9850)
            ( 0.0000,  0.0000,  0.0000,   1.0000)> 
tree 
<Matrix 4x4 (-0.5808,  0.8107, -0.0735,  84.7664)
            (-0.8124, -0.5830, -0.0122, 795.1612)
            (-0.0527,  0.0527,  0.9972, 217.4454)
            ( 0.0000,  0.0000,  0.0000,   1.0000)> 
tree2 
<Matrix 4x4 ( 0.6206, 0.7838, -0.0199, 297.3582)
            (-0.7742, 0.6086, -0.1742, 690.6187)
            (-0.1244, 0.1235,  0.9845, 176.1946)
            ( 0.0000, 0.0000,  0.0000,   1.0000)> 
tree 
<Matrix 4x4 (-0.9996,  0.0297, -0.0017, 386.9574)
            (-0.0297, -0.9996,  0.0016, 872.6294)
            (-0.0017,  0.0017,  1.0000, 163.3355)
            ( 0.0000,  0.0000,  0.0000,   1.0000)> 
tree3 
<Matrix 4x4 (-0.6946,  0.7166, -0.0629, -385.2254)
            (-0.7180, -0.6960, -0.0010,  843.7922)
            (-0.0445,  0.0445,  0.9980,  285.2298)
            ( 0.0000,  0.0000,  0.0000,    1.0000)> 
tree2 
<Matrix 4x4 ( 0.6238, 0.7814, -0.0192, -172.4285)
            (-0.7716, 0.6117, -0.1746,  911.9109)
            (-0.1247, 0.1237,  0.9845,  253.2539)
            ( 0.0000, 0.0000,  0.0000,    1.0000)> 
tree 
<Matrix 4x4 (-0.6083,  0.7905, -0.0713, -16.9810)
            (-0.7921, -0.6103, -0.0093, 527.4252)
            (-0.0508,  0.0508,  0.9974, 219.0031)
            ( 0.0000,  0.0000,  0.0000,   1.0000)> 
tree 
<Matrix 4x4 (-0.8768, -0.4807,  0.0110, 192.6988)
            ( 0.4800, -0.8765, -0.0377, 600.4709)
            ( 0.0278, -0.0278,  0.9992, 190.6974)
            ( 0.0000,  0.0000,  0.0000,   1.0000)> 
tree3 
<Matrix 4x4 ( 0.6089, 0.7930, -0.0223, 223.5647)
            (-0.7836, 0.5968, -0.1727, 883.3398)
            (-0.1236, 0.1226,  0.9847, 185.5723)
            ( 0.0000, 0.0000,  0.0000,   1.0000)> 
tree 
<Matrix 4x4 (0.0747, -0.9924, -0.0978, 188.9513)
            (0.9930,  0.0830, -0.0838, 816.5279)
            (0.0913, -0.0909,  0.9917, 194.6896)
            (0.0000,  0.0000,  0.0000,   1.0000)> 
tree2 
<Matrix 4x4 (0.6567, -0.7327, -0.1787, -368.5143)
            (0.7434,  0.6688, -0.0103,  653.1693)
            (0.1271, -0.1260,  0.9839,  289.1341)
            (0.0000,  0.0000,  0.0000,    1.0000)> 
tree 
<Matrix 4x4 ( 0.1198, 0.9894, -0.0819, 160.2837)
            (-0.9884, 0.1111, -0.1040, 694.7239)
            (-0.0938, 0.0934,  0.9912, 202.3087)
            ( 0.0000, 0.0000,  0.0000,   1.0000)> 
tree 
<Matrix 4x4 ( 0.9840, 0.0791,  0.1594,   4.6676)
            (-0.0500, 0.9826, -0.1791, 726.0727)
            (-0.1708, 0.1683,  0.9708, 218.6480)
            ( 0.0000, 0.0000,  0.0000,   1.0000)> 
tree2 
<Matrix 4x4 (-0.3393, -0.9398, -0.0408, -326.7756)
            ( 0.9382, -0.3350, -0.0868,  632.8185)
            ( 0.0679, -0.0677,  0.9954,  275.6140)
            ( 0.0000,  0.0000,  0.0000,    1.0000)> 
tree 
<Matrix 4x4 (-0.1830,  0.9790, -0.0897, -406.9285)
            (-0.9801, -0.1888, -0.0613,  731.0029)
            (-0.0769,  0.0767,  0.9941,  296.3499)
            ( 0.0000,  0.0000,  0.0000,    1.0000)> 
tree2 
<Matrix 4x4 ( 0.3789, 0.9235, -0.0593,  -4.5722)
            (-0.9190, 0.3680, -0.1414, 998.4741)
            (-0.1087, 0.1081,  0.9882, 218.6053)
            ( 0.0000, 0.0000,  0.0000,   1.0000)> 
tree3 
<Matrix 4x4 (-0.9788, -0.2046,  0.0089, -82.9335)
            ( 0.2045, -0.9788, -0.0135, 833.4724)
            ( 0.0114, -0.0114,  0.9999, 227.5846)
            ( 0.0000,  0.0000,  0.0000,   1.0000)> 
tree2 
<Matrix 4x4 ( 0.9624, 0.2438,  0.1196, -30.1460)
            (-0.2184, 0.9567, -0.1926, 945.4958)
            (-0.1614, 0.1592,  0.9740, 219.5656)
            ( 0.0000, 0.0000,  0.0000,   1.0000)> 
tree2 
<Matrix 4x4 ( 0.8757, 0.4791,  0.0604, -207.2933)
            (-0.4599, 0.8656, -0.1978,  480.0797)
            (-0.1471, 0.1455,  0.9784,  257.9497)
            ( 0.0000, 0.0000,  0.0000,    1.0000)> 
tree2 
<Matrix 4x4 (0.9817, -0.0597, -0.1806, 158.2730)
            (0.0880,  0.9843,  0.1532, 889.1700)
            (0.1687, -0.1663,  0.9716, 204.2655)
            (0.0000,  0.0000,  0.0000,   1.0000)> 
tree3 
<Matrix 4x4 (-0.3544, -0.9343, -0.0389, 560.0744)
            ( 0.9327, -0.3502, -0.0863, 807.4239)
            ( 0.0670, -0.0669,  0.9955, 102.8979)
            ( 0.0000,  0.0000,  0.0000,   1.0000)> 
tree2 
<Matrix 4x4 (0.6418, -0.7462, -0.1769, 215.0683)
            (0.7564,  0.6539, -0.0138, 919.8426)
            (0.1260, -0.1250,  0.9841, 188.7657)
            (0.0000,  0.0000,  0.0000,   1.0000)> 
tree2 
<Matrix 4x4 (-0.5267, -0.8499, -0.0182, -198.5639)
            ( 0.8482, -0.5240, -0.0775,  532.0135)
            ( 0.0563, -0.0562,  0.9968,  257.0710)
            ( 0.0000,  0.0000,  0.0000,    1.0000)> 
tree3 
<Matrix 4x4 ( 0.0372, 0.9956, -0.0858, -428.0789)
            (-0.9953, 0.0292, -0.0921,  726.8486)
            (-0.0892, 0.0888,  0.9920,  297.7408)
            ( 0.0000, 0.0000,  0.0000,    1.0000)> 
tree 
<Matrix 4x4 (-0.7934,  0.6066, -0.0509, -684.8099)
            (-0.6076, -0.7942,  0.0068,  701.2225)
            (-0.0363,  0.0363,  0.9987,  298.5901)
            ( 0.0000,  0.0000,  0.0000,    1.0000)> 
tree3 
<Matrix 4x4 (0.7174, -0.6715, -0.1855, -129.6405)
            (0.6841,  0.7294,  0.0052,  723.2228)
            (0.1318, -0.1306,  0.9826,  235.5911)
            (0.0000,  0.0000,  0.0000,    1.0000)> 
tree2 
<Matrix 4x4 (-0.4387,  0.8948, -0.0828, 155.0697)
            (-0.8965, -0.4422, -0.0283, 635.2322)
            (-0.0619,  0.0618,  0.9962, 204.0013)
            ( 0.0000,  0.0000,  0.0000,   1.0000)> 
tree2 
<Matrix 4x4 (-0.1163, -0.9907, -0.0707, 191.3075)
            ( 0.9899, -0.1098, -0.0892, 590.2534)
            ( 0.0806, -0.0804,  0.9935, 190.9332)
            ( 0.0000,  0.0000,  0.0000,   1.0000)> 
tree 
<Matrix 4x4 ( 0.4356, 0.8986, -0.0520, 245.6825)
            (-0.8931, 0.4243, -0.1494, 594.5784)
            (-0.1122, 0.1115,  0.9874, 178.1860)
            ( 0.0000, 0.0000,  0.0000,   1.0000)> 
tree3 
<Matrix 4x4 (-0.2134, -0.9753, -0.0574, -163.4230)
            ( 0.9741, -0.2079, -0.0893,  615.9973)
            ( 0.0752, -0.0750,  0.9943,  251.5365)
            ( 0.0000,  0.0000,  0.0000,    1.0000)> 
tree 
<Matrix 4x4 (-0.7405,  0.6695, -0.0577, 270.1740)
            (-0.6708, -0.7417,  0.0029, 832.5526)
            (-0.0409,  0.0408,  0.9983, 179.4667)
            ( 0.0000,  0.0000,  0.0000,   1.0000)> 
tree2 
<Matrix 4x4 (-0.0961,  0.9914, -0.0893, 283.5881)
            (-0.9920, -0.1028, -0.0732, 877.2476)
            (-0.0818,  0.0815,  0.9933, 179.0499)
            ( 0.0000,  0.0000,  0.0000,   1.0000)> 
tree2 
<Matrix 4x4 ( 0.9820, 0.1134,  0.1512,   8.2007)
            (-0.0850, 0.9795, -0.1826, 757.5950)
            (-0.1688, 0.1664,  0.9715, 218.6719)
            ( 0.0000, 0.0000,  0.0000,   1.0000)> 
tree2 
<Matrix 4x4 ( 0.5921, 0.8055, -0.0258, -116.2188)
            (-0.7965, 0.5800, -0.1705,  434.0819)
            (-0.1224, 0.1215,  0.9850,  240.2687)
            ( 0.0000, 0.0000,  0.0000,    1.0000)> 
tree2 
<Matrix 4x4 (0.9692, -0.1583, -0.1888,  55.7631)
            (0.1844,  0.9742,  0.1303, 861.8790)
            (0.1633, -0.1611,  0.9733, 218.2733)
            (0.0000,  0.0000,  0.0000,   1.0000)> 
tree3 
<Matrix 4x4 (-0.7951,  0.6044, -0.0506,  25.4029)
            (-0.6054, -0.7959,  0.0069, 838.2387)
            (-0.0361,  0.0361,  0.9987, 218.5993)
            ( 0.0000,  0.0000,  0.0000,   1.0000)> 
tree 
<Matrix 4x4 (0.7536, -0.6295, -0.1891, 514.5425)
            (0.6433,  0.7654,  0.0158, 814.8017)
            (0.1348, -0.1336,  0.9818, 112.7376)
            (0.0000,  0.0000,  0.0000,   1.0000)> 
tree3 
<Matrix 4x4 (-0.6465,  0.7599, -0.0678, -294.8728)
            (-0.7614, -0.6482, -0.0055,  551.4904)
            (-0.0481,  0.0481,  0.9977,  267.0981)
            ( 0.0000,  0.0000,  0.0000,    1.0000)> 
tree2 
<Matrix 4x4 (-0.4548,  0.8868, -0.0819, 401.9420)
            (-0.8885, -0.4581, -0.0264, 786.7742)
            (-0.0609,  0.0608,  0.9963, 153.3287)
            ( 0.0000,  0.0000,  0.0000,   1.0000)> 
tree2 
<Matrix 4x4 ( 0.6170, 0.7867, -0.0206, -290.1718)
            (-0.7771, 0.6049, -0.1737,  739.7642)
            (-0.1242, 0.1232,  0.9846,  266.2733)
            ( 0.0000, 0.0000,  0.0000,    1.0000)> 
tree 
<Matrix 4x4 (-0.9848, -0.1733,  0.0078,   9.5254)
            ( 0.1732, -0.9848, -0.0112, 469.0462)
            ( 0.0097, -0.0097,  0.9999, 218.6797)
            ( 0.0000,  0.0000,  0.0000,   1.0000)> 
tree 
<Matrix 4x4 (0.8404, -0.5055, -0.1958, -180.1909)
            (0.5228,  0.8512,  0.0467,  621.5638)
            (0.1430, -0.1416,  0.9795,  254.5925)
            (0.0000,  0.0000,  0.0000,    1.0000)> 
tree3 
<Matrix 4x4 (-0.9338,  0.3569, -0.0262,  18.8159)
            (-0.3573, -0.9339,  0.0117, 575.7137)
            (-0.0203,  0.0203,  0.9996, 218.6143)
            ( 0.0000,  0.0000,  0.0000,   1.0000)> 
tree3 
<Matrix 4x4 (0.3781, -0.9149, -0.1416,  43.4358)
            (0.9194,  0.3890, -0.0586, 692.4083)
            (0.1087, -0.1080,  0.9882, 218.4765)
            (0.0000,  0.0000,  0.0000,   1.0000)> 
tree2 
<Matrix 4x4 (-0.9586, -0.2845,  0.0108, -68.6000)
            ( 0.2843, -0.9585, -0.0199, 659.1987)
            ( 0.0160, -0.0160,  0.9997, 222.1937)
            ( 0.0000,  0.0000,  0.0000,   1.0000)> 
tree 
<Matrix 4x4 (-0.5998, -0.8001, -0.0103, -544.5737)
            ( 0.7985, -0.5977, -0.0719,  771.7206)
            ( 0.0514, -0.0514,  0.9974,  298.5887)
            ( 0.0000,  0.0000,  0.0000,    1.0000)> 
tree2 
<Matrix 4x4 (0.9592, -0.2075, -0.1918, -604.3016)
            (0.2325,  0.9653,  0.1187,  736.1980)
            (0.1605, -0.1585,  0.9742,  298.5900)
            (0.0000,  0.0000,  0.0000,    1.0000)> 
tree3 
<Matrix 4x4 ( 0.0933, 0.9921, -0.0833, -52.0975)
            (-0.9913, 0.0848, -0.1002, 357.0853)
            (-0.0923, 0.0919,  0.9915, 221.6450)
            ( 0.0000, 0.0000,  0.0000,   1.0000)> 
tree3 
<Matrix 4x4 (0.7900, -0.5822, -0.1923, -414.2847)
            (0.5974,  0.8014,  0.0276,  703.5956)
            (0.1380, -0.1367,  0.9809,  297.1097)
            (0.0000,  0.0000,  0.0000,    1.0000)> 
tree3 
<Matrix 4x4 (-0.6117,  0.7879, -0.0710,   2.4533)
            (-0.7895, -0.6137, -0.0090, 998.4901)
            (-0.0506,  0.0505,  0.9974, 218.6024)
            ( 0.0000,  0.0000,  0.0000,   1.0000)> 
tree3 
<Matrix 4x4 (-0.2296, -0.9717, -0.0552, -200.4791)
            ( 0.9704, -0.2243, -0.0892,  667.9839)
            ( 0.0742, -0.0740,  0.9945,  255.8414)
            ( 0.0000,  0.0000,  0.0000,    1.0000)> 
tree3 
<Matrix 4x4 (-0.3499,  0.9328, -0.0866,  60.9129)
            (-0.9344, -0.3541, -0.0393, 741.9483)
            (-0.0673,  0.0671,  0.9955, 218.2785)
            ( 0.0000,  0.0000,  0.0000,   1.0000)> 
tree3 
<Matrix 4x4 (-0.9690,  0.2466, -0.0168, -285.3075)
            (-0.2468, -0.9690,  0.0100,  883.5394)
            (-0.0139,  0.0139,  0.9998,  268.7033)
            ( 0.0000,  0.0000,  0.0000,    1.0000)> 
tree3 
<Matrix 4x4 (0.9505, -0.2431, -0.1936, -22.2001)
            (0.2673,  0.9573,  0.1102, 949.3000)
            (0.1585, -0.1565,  0.9749, 219.2221)
            (0.0000,  0.0000,  0.0000,   1.0000)> 
tree2 
<Matrix 4x4 ( 0.7635, 0.6456,  0.0171, -401.1357)
            (-0.6314, 0.7518, -0.1902,  726.5880)
            (-0.1357, 0.1344,  0.9816,  295.9268)
            ( 0.0000, 0.0000,  0.0000,    1.0000)> 
tree3 
<Matrix 4x4 ( 0.9785, 0.1493,  0.1426, 183.9991)
            (-0.1217, 0.9750, -0.1858, 505.3485)
            (-0.1668, 0.1645,  0.9722, 190.6071)
            ( 0.0000, 0.0000,  0.0000,   1.0000)> 
tree3 
<Matrix 4x4 ( 0.8856, 0.4599,  0.0653, -11.8386)
            (-0.4402, 0.8758, -0.1981, 366.5345)
            (-0.1483, 0.1467,  0.9780, 218.6617)
            ( 0.0000, 0.0000,  0.0000,   1.0000)> 
tree2 
<Matrix 4x4 (-0.8480, -0.5299,  0.0099, 314.9857)
            ( 0.5291, -0.8475, -0.0427, 640.2350)
            ( 0.0310, -0.0310,  0.9990, 166.7095)
            ( 0.0000,  0.0000,  0.0000,   1.0000)> 
tree 
<Matrix 4x4 (-0.9578,  0.2868, -0.0201, -77.0539)
            (-0.2870, -0.9579,  0.0108, 834.8926)
            (-0.0162,  0.0162,  0.9997, 226.2141)
            ( 0.0000,  0.0000,  0.0000,   1.0000)> 
tree3 
<Matrix 4x4 (0.9827, -0.0468, -0.1794, -276.3993)
            (0.0754,  0.9849,  0.1561,  604.3339)
            (0.1694, -0.1669,  0.9713,  262.4514)
            (0.0000,  0.0000,  0.0000,    1.0000)> 
tree2 
<Matrix 4x4 (-0.2988,  0.9502, -0.0881, -164.5503)
            (-0.9517, -0.3035, -0.0458,  913.7205)
            (-0.0703,  0.0701,  0.9951,  251.1509)
            ( 0.0000,  0.0000,  0.0000,    1.0000)> 
tree2 
<Matrix 4x4 (0.0424, -0.9947, -0.0932, 189.5014)
            (0.9951,  0.0504, -0.0852, 823.7361)
            (0.0895, -0.0891,  0.9920, 194.4363)
            (0.0000,  0.0000,  0.0000,   1.0000)> 
tree2 
<Matrix 4x4 ( 0.8393, 0.5419,  0.0442, -689.6123)
            (-0.5246, 0.8284, -0.1962,  707.0687)
            (-0.1429, 0.1415,  0.9796,  298.5901)
            ( 0.0000, 0.0000,  0.0000,    1.0000)> 
tree2 
<Matrix 4x4 ( 0.0388, 0.9956, -0.0857, 102.5691)
            (-0.9952, 0.0309, -0.0923, 962.1268)
            (-0.0893, 0.0889,  0.9920, 217.8391)
            ( 0.0000, 0.0000,  0.0000,   1.0000)> 
tree3 
<Matrix 4x4 (-0.9978,  0.0661, -0.0039, 103.5138)
            (-0.0661, -0.9978,  0.0034, 720.6677)
            (-0.0037,  0.0037,  1.0000, 215.7682)
            ( 0.0000,  0.0000,  0.0000,   1.0000)> 
tree 
<Matrix 4x4 (-0.8294, -0.5586,  0.0089,  72.8424)
            ( 0.5577, -0.8288, -0.0456, 862.4178)
            ( 0.0329, -0.0328,  0.9989, 217.7964)
            ( 0.0000,  0.0000,  0.0000,   1.0000)> 
tree3 
<Matrix 4x4 (-0.2161,  0.9723, -0.0895, 140.5129)
            (-0.9735, -0.2216, -0.0568, 770.7949)
            (-0.0750,  0.0748,  0.9944, 209.5873)
            ( 0.0000,  0.0000,  0.0000,   1.0000)> 
tree3 
<Matrix 4x4 (-0.7636, -0.6456,  0.0046, -462.8466)
            ( 0.6445, -0.7626, -0.0548,  717.9428)
            ( 0.0389, -0.0389,  0.9985,  298.4513)
            ( 0.0000,  0.0000,  0.0000,    1.0000)> 
tree3 
<Matrix 4x4 (-0.2943, -0.9546, -0.0466, -447.7607)
            ( 0.9531, -0.2896, -0.0880,  668.9110)
            ( 0.0705, -0.0704,  0.9950,  298.1730)
            ( 0.0000,  0.0000,  0.0000,    1.0000)> 
tree 
<Matrix 4x4 (-0.9077, -0.4195,  0.0117,  -9.9085)
            ( 0.4190, -0.9074, -0.0319, 770.6013)
            ( 0.0240, -0.0240,  0.9994, 218.9132)
            ( 0.0000,  0.0000,  0.0000,   1.0000)> 
tree2 
<Matrix 4x4 (0.6977, -0.6925, -0.1833, 287.8577)
            (0.7044,  0.7098, -0.0001, 674.1445)
            (0.1302, -0.1291,  0.9830, 176.2698)
            (0.0000,  0.0000,  0.0000,   1.0000)> 
tree3 
<Matrix 4x4 (0.1750, -0.9781, -0.1123, -83.1894)
            (0.9798,  0.1842, -0.0779, 818.7701)
            (0.0969, -0.0964,  0.9906, 227.5127)
            (0.0000,  0.0000,  0.0000,   1.0000)> 
tree 
<Matrix 4x4 (-0.2191,  0.9716, -0.0894, -425.4653)
            (-0.9728, -0.2246, -0.0564,  733.0423)
            (-0.0749,  0.0746,  0.9944,  297.5465)
            ( 0.0000,  0.0000,  0.0000,    1.0000)> 
tree3 
<Matrix 4x4 (0.2321, -0.9652, -0.1206, -379.7640)
            (0.9675,  0.2419, -0.0735,  846.7808)
            (0.1001, -0.0996,  0.9900,  284.1122)
            (0.0000,  0.0000,  0.0000,    1.0000)> 
tree2 
<Matrix 4x4 (0.0443, -0.9946, -0.0935, 304.8154)
            (0.9950,  0.0524, -0.0851, 527.5608)
            (0.0896, -0.0892,  0.9920, 156.8551)
            (0.0000,  0.0000,  0.0000,   1.0000)> 
tree3 
<Matrix 4x4 (-0.6059, -0.7955, -0.0096, -24.5935)
            ( 0.7939, -0.6038, -0.0714, 794.8152)
            ( 0.0510, -0.0509,  0.9974, 219.4620)
            ( 0.0000,  0.0000,  0.0000,   1.0000)> 
tree 
<Matrix 4x4 ( 0.3657, 0.9287, -0.0609, -105.7590)
            (-0.9245, 0.3549, -0.1395,  842.1282)
            (-0.1079, 0.1073,  0.9883,  234.0458)
            ( 0.0000, 0.0000,  0.0000,    1.0000)> 
tree 
<Matrix 4x4 (-0.5287,  0.8453, -0.0774, -214.8396)
            (-0.8469, -0.5314, -0.0178,  557.8875)
            (-0.0562,  0.0561,  0.9968,  258.0840)
            ( 0.0000,  0.0000,  0.0000,    1.0000)> 
tree3 
<Matrix 4x4 (-0.3654,  0.9269, -0.0860, 147.5592)
            (-0.9285, -0.3695, -0.0373, 797.6976)
            (-0.0664,  0.0662,  0.9956, 207.6915)
            ( 0.0000,  0.0000,  0.0000,   1.0000)> 
tree3 
<Matrix 4x4 (-0.6675, -0.7446, -0.0036, 204.6054)
            ( 0.7432, -0.6658, -0.0657, 653.1611)
            ( 0.0466, -0.0465,  0.9978, 187.9162)
            ( 0.0000,  0.0000,  0.0000,   1.0000)> 
tree3 
<Matrix 4x4 (0.9761, -0.1131, -0.1854, 281.1535)
            (0.1403,  0.9800,  0.1408, 850.3766)
            (0.1657, -0.1635,  0.9725, 178.8812)
            (0.0000,  0.0000,  0.0000,   1.0000)> 
tree3 
<Matrix 4x4 (-0.9427,  0.3328, -0.0241, -108.5419)
            (-0.3331, -0.9428,  0.0115,  353.3169)
            (-0.0189,  0.0189,  0.9996,  236.7010)
            ( 0.0000,  0.0000,  0.0000,    1.0000)> 
tree 
<Matrix 4x4 ( 0.3709, 0.9267, -0.0603, 108.8195)
            (-0.9224, 0.3600, -0.1402, 687.0015)
            (-0.1082, 0.1076,  0.9883, 214.9864)
            ( 0.0000, 0.0000,  0.0000,   1.0000)> 
tree2 
<Matrix 4x4 (0.9685, -0.1624, -0.1890, -448.8935)
            (0.1885,  0.9735,  0.1293,  565.2009)
            (0.1630, -0.1609,  0.9734,  298.4097)
            (0.0000,  0.0000,  0.0000,    1.0000)> 
tree 
<Matrix 4x4 (-0.9852, -0.1713,  0.0078,   4.1541)
            ( 0.1712, -0.9852, -0.0110, 580.7185)
            ( 0.0095, -0.0095,  0.9999, 218.7049)
            ( 0.0000,  0.0000,  0.0000,   1.0000)> 
tree 
<Matrix 4x4 (-0.8702, -0.4926,  0.0108,  37.1477)
            ( 0.4919, -0.8698, -0.0389, 580.6104)
            ( 0.0286, -0.0285,  0.9992, 218.5329)
            ( 0.0000,  0.0000,  0.0000,   1.0000)> 
tree 
<Matrix 4x4 (-0.2420, -0.9688, -0.0535,  97.9452)
            ( 0.9675, -0.2368, -0.0890, 958.1503)
            ( 0.0735, -0.0733,  0.9946, 217.9056)
            ( 0.0000,  0.0000,  0.0000,   1.0000)> 
tree3 
<Matrix 4x4 (-0.8100,  0.5844, -0.0485, -365.5361)
            (-0.5854, -0.8107,  0.0078,  658.7142)
            (-0.0347,  0.0347,  0.9988,  288.7366)
            ( 0.0000,  0.0000,  0.0000,    1.0000)> 
tree3 
<Matrix 4x4 (-0.5275, -0.8494, -0.0181, 214.5861)
            ( 0.8477, -0.5248, -0.0774, 778.5848)
            ( 0.0563, -0.0562,  0.9968, 187.2982)
            ( 0.0000,  0.0000,  0.0000,   1.0000)> 
tree 
<Matrix 4x4 (0.0008, -0.9962, -0.0872, 228.6179)
            (0.9962,  0.0084, -0.0868, 811.2123)
            (0.0872, -0.0868,  0.9924, 184.5200)
            (0.0000,  0.0000,  0.0000,   1.0000)> 
tree2 
<Matrix 4x4 ( 0.0149, 0.9961, -0.0866, 248.4497)
            (-0.9960, 0.0072, -0.0889, 774.8820)
            (-0.0879, 0.0876,  0.9923, 181.1560)
            ( 0.0000, 0.0000,  0.0000,   1.0000)> 
tree2 
<Matrix 4x4 ( 0.5822, 0.8126, -0.0277, -322.9438)
            (-0.8039, 0.5702, -0.1693,  637.4798)
            (-0.1217, 0.1208,  0.9852,  274.7586)
            ( 0.0000, 0.0000,  0.0000,    1.0000)> 
tree3 
<Matrix 4x4 ( 0.6206, 0.7839, -0.0199, 377.3725)
            (-0.7742, 0.6085, -0.1742, 704.8430)
            (-0.1244, 0.1235,  0.9845, 158.4129)
            ( 0.0000, 0.0000,  0.0000,   1.0000)> 
tree2 
<Matrix 4x4 (-0.7212, -0.6928,  0.0012, 207.1488)
            ( 0.6915, -0.7199, -0.0600, 569.8152)
            ( 0.0424, -0.0424,  0.9982, 185.7485)
            ( 0.0000,  0.0000,  0.0000,   1.0000)> 
tree 
<Matrix 4x4 (0.7954, -0.5747, -0.1928, 353.2007)
            (0.5901,  0.8068,  0.0295, 640.8179)
            (0.1386, -0.1372,  0.9808, 154.0785)
            (0.0000,  0.0000,  0.0000,   1.0000)> 
tree2 
<Matrix 4x4 (-0.7623, -0.6472,  0.0045,  32.2317)
            ( 0.6460, -0.7613, -0.0550, 842.3199)
            ( 0.0390, -0.0390,  0.9985, 218.5505)
            ( 0.0000,  0.0000,  0.0000,   1.0000)> 
tree 
<Matrix 4x4 ( 0.2480, 0.9660, -0.0728, 428.0930)
            (-0.9635, 0.2381, -0.1225, 634.1179)
            (-0.1010, 0.1005,  0.9898, 135.6933)
            ( 0.0000, 0.0000,  0.0000,   1.0000)> 
tree3 
<Matrix 4x4 (-0.7322,  0.6786, -0.0587, 162.9489)
            (-0.6798, -0.7334,  0.0022, 897.2256)
            (-0.0415,  0.0415,  0.9983, 203.1467)
            ( 0.0000,  0.0000,  0.0000,   1.0000)> 
tree2 
<Matrix 4x4 ( 0.0840, 0.9929, -0.0838, -71.0528)
            (-0.9922, 0.0756, -0.0988, 554.1580)
            (-0.0918, 0.0914,  0.9916, 224.0805)
            ( 0.0000, 0.0000,  0.0000,   1.0000)> 
tree3 
<Matrix 4x4 (0.9300, -0.3110, -0.1961,   9.5259)
            (0.3335,  0.9380,  0.0940, 729.7972)
            (0.1547, -0.1528,  0.9761, 218.6306)
            (0.0000,  0.0000,  0.0000,   1.0000)> 
tree3 
<Matrix 4x4 ( 0.8439, 0.5346,  0.0461, -124.2503)
            (-0.5170, 0.8331, -0.1965,  726.6270)
            (-0.1434, 0.1420,  0.9794,  234.1084)
            ( 0.0000, 0.0000,  0.0000,    1.0000)> 
tree2 
<Matrix 4x4 (-0.5903, -0.8071, -0.0113, 387.5616)
            ( 0.8055, -0.5881, -0.0727, 899.7318)
            ( 0.0521, -0.0520,  0.9973, 168.4209)
            ( 0.0000,  0.0000,  0.0000,   1.0000)> 
tree 
<Matrix 4x4 (-0.6401,  0.7652, -0.0684, -93.5734)
            (-0.7667, -0.6419, -0.0061, 563.3794)
            (-0.0486,  0.0485,  0.9976, 229.7657)
            ( 0.0000,  0.0000,  0.0000,   1.0000)> 
tree 
<Matrix 4x4 (-0.9806,  0.1957, -0.0129, -565.2010)
            (-0.1958, -0.9806,  0.0086,  660.7424)
            (-0.0110,  0.0110,  0.9999,  298.5900)
            ( 0.0000,  0.0000,  0.0000,    1.0000)> 
tree2 
<Matrix 4x4 (-0.8432, -0.5376,  0.0096, -680.1536)
            ( 0.5367, -0.8426, -0.0434,  705.6765)
            ( 0.0315, -0.0315,  0.9990,  298.5901)
            ( 0.0000,  0.0000,  0.0000,    1.0000)> 
tree2 
<Matrix 4x4 (-0.5140, -0.8575, -0.0196, -65.9345)
            ( 0.8559, -0.5112, -0.0783, 513.9718)
            ( 0.0572, -0.0571,  0.9967, 223.1868)
            ( 0.0000,  0.0000,  0.0000,   1.0000)> 
tree3 
<Matrix 4x4 (0.6496, -0.7392, -0.1778, -105.3910)
            (0.7497,  0.6617, -0.0120,  348.0252)
            (0.1265, -0.1255,  0.9840,  235.4765)
            (0.0000,  0.0000,  0.0000,    1.0000)> 
tree2 
<Matrix 4x4 (-0.7579,  0.6500, -0.0556, -275.8159)
            (-0.6512, -0.7589,  0.0042,  883.2557)
            (-0.0394,  0.0394,  0.9984,  267.3574)
            ( 0.0000,  0.0000,  0.0000,    1.0000)> 
tree2 
<Matrix 4x4 (0.0037, -0.9961, -0.0876,  13.5464)
            (0.9962,  0.0114, -0.0867, 761.5068)
            (0.0873, -0.0870,  0.9924, 218.6445)
            (0.0000,  0.0000,  0.0000,   1.0000)> 
tree 
<Matrix 4x4 (0.9636, -0.1876, -0.1907, -155.1258)
            (0.2131,  0.9692,  0.1234,  665.0809)
            (0.1616, -0.1595,  0.9739,  245.9598)
            (0.0000,  0.0000,  0.0000,    1.0000)> 
tree3 
<Matrix 4x4 (-0.9793,  0.2018, -0.0133, -77.9844)
            (-0.2019, -0.9794,  0.0088, 352.5780)
            (-0.0113,  0.0113,  0.9999, 226.7679)
            ( 0.0000,  0.0000,  0.0000,   1.0000)> 
tree 
<Matrix 4x4 (0.0046, -0.9961, -0.0878, -71.1485)
            (0.9962,  0.0122, -0.0866, 838.0624)
            (0.0874, -0.0870,  0.9924, 224.9779)
            (0.0000,  0.0000,  0.0000,   1.0000)> 
tree2 
<Matrix 4x4 (-0.0639,  0.9940, -0.0887, -409.9806)
            (-0.9945, -0.0709, -0.0777,  709.0299)
            (-0.0836,  0.0833,  0.9930,  296.8525)
            ( 0.0000,  0.0000,  0.0000,    1.0000)> 
tree3 
<Matrix 4x4 (-0.9880, -0.1542,  0.0072, -159.3410)
            ( 0.1541, -0.9880, -0.0098,  916.4072)
            ( 0.0086, -0.0086,  0.9999,  249.6044)
